lenet_no-infer-share_1_1_1: 10.101602466901143 minutes
lenet_no-infer-share_-1_-1_1: 10.728317952156067 minutes
lenet_no-infer-share_-1_-1_-1: 10.98336892525355 minutes
lenet_default_-1_-1_-1: 9.6362064798673 minutes
lenet_fully-inline_-1_-1_-1: 8.483222897847494 minutes
