lenet_1_fully-inline: 10.920649735132853 minutes
lenet_4_fully-inline: 11.856187264124552 minutes
lenet_-1_fully-inline: 9.985928273200988 minutes
lenet_1_default: 11.740442033608755 minutes
lenet_4_default: 10.528130932648976 minutes
lenet_-1_default: 12.061886696020762 minutes
lenet_1_no-infer-share: 11.830763204892476 minutes
lenet_4_no-infer-share: 11.757877802848816 minutes
lenet_-1_no-infer-share: 11.903963700930278 minutes
