lenet_no-infer-share_1_1_1: 10.347921983400981 minutes
lenet_no-infer-share_8_8_8: 10.579773577054342 minutes
lenet_no-infer-share_-1_-1_-1: 10.808307512601216 minutes
lenet_default_1_1_1: 10.70846594174703 minutes
lenet_default_8_8_8: 9.658432511488597 minutes
lenet_default_-1_-1_-1: 9.807727074623108 minutes
lenet_fully-inline_1_1_1: 10.950237047672271 minutes
lenet_fully-inline_8_8_8: 10.583314689000447 minutes
lenet_fully-inline_-1_-1_-1: 9.45513259569804 minutes
