lenet_1_fully-inline: 10.672786589463552 minutes
lenet_4_fully-inline: 10.094169346491496 minutes
lenet_-1_fully-inline: 9.536188892523448 minutes
lenet_1_default: 10.620320304234822 minutes
lenet_4_default: 10.143503379821777 minutes
lenet_-1_default: 10.074265579382578 minutes
lenet_1_no-infer-share: 10.608986035982769 minutes
lenet_4_no-infer-share: 10.992495481173197 minutes
lenet_-1_no-infer-share: 10.680047535896302 minutes
