synthetic_one-fsm-32_futil_default_1_1_1: 66.32536168893178 minutes
synthetic_one-fsm-32_futil_default_1_8_1: 44.66410333712896 minutes
synthetic_one-fsm-32_futil_default_1_32_1: 25.755465682347616 minutes
synthetic_one-fsm-32_futil_default_1_128_1: 39.95836650133133 minutes
synthetic_one-fsm-32_futil_default_1_-1_1: 27.318282306194305 minutes
synthetic_one-fsm-32_futil_default_8_1_1: 57.68852722247441 minutes
synthetic_one-fsm-32_futil_default_8_8_1: 41.483646190166475 minutes
synthetic_one-fsm-32_futil_default_8_32_1: 26.772334067026772 minutes
synthetic_one-fsm-32_futil_default_8_128_1: 29.34785820643107 minutes
synthetic_one-fsm-32_futil_default_8_-1_1: 42.833764592806496 minutes
synthetic_one-fsm-32_futil_default_32_1_1: 73.05967843929926 minutes
synthetic_one-fsm-32_futil_default_32_8_1: 28.173982747395833 minutes
synthetic_one-fsm-32_futil_default_32_32_1: 44.43560516834259 minutes
synthetic_one-fsm-32_futil_default_32_128_1: 37.424068752924605 minutes
synthetic_one-fsm-32_futil_default_32_-1_1: 39.04761735995611 minutes
synthetic_one-fsm-32_futil_default_128_1_1: 58.540169600645704 minutes
synthetic_one-fsm-32_futil_default_128_8_1: 39.41176079114278 minutes
synthetic_one-fsm-32_futil_default_128_32_1: 22.38517808119456 minutes
synthetic_one-fsm-32_futil_default_128_128_1: 32.38618743817012 minutes
synthetic_one-fsm-32_futil_default_128_-1_1: 49.724451593557994 minutes
synthetic_one-fsm-32_futil_default_-1_1_1: 103.59077843825023 minutes
synthetic_one-fsm-32_futil_default_-1_8_1: 23.75250658194224 minutes
synthetic_one-fsm-32_futil_default_-1_32_1: 23.633231723308562 minutes
synthetic_one-fsm-32_futil_default_-1_128_1: 37.07618682781855 minutes
synthetic_one-fsm-32_futil_default_-1_-1_1: 37.06820213794708 minutes
