mobile_no-infer-share_1_1_1: 33.874911387761436 minutes
mobile_no-infer-share_32_32_32: 40.343132734298706 minutes
mobile_no-infer-share_-1_-1_-1: 38.044098663330075 minutes
mobile_default_1_1_1: 30.64414892991384 minutes
mobile_default_32_32_32: 31.033425525824228 minutes
mobile_default_-1_-1_-1: 31.152536141872407 minutes
mobile_fully-inline_1_1_1: 33.60660847028097 minutes
mobile_fully-inline_32_32_32: 21.72869600057602 minutes
mobile_fully-inline_-1_-1_-1: 16.49361971219381 minutes
