small-ex_small-ex_futil_no-infer-share_1_1_1: 5.296857432524363 minutes
small-ex_small-ex_futil_default_-1_-1_-1: 5.431896678606669 minutes
small-ex_small-ex_futil_fully-inline_4_4_4: 5.334479709466298 minutes
