alex_calyx_2020: 16.625153756141664 minutes
alex_1_fully-inline: 24.623969944318137 minutes
alex_4_fully-inline: 15.261149426301321 minutes
alex_-1_fully-inline: 14.435725541909536 minutes
alex_1_default: 16.408915837605793 minutes
alex_4_default: 15.381933037439982 minutes
alex_-1_default: 15.426388422648111 minutes
alex_1_no-infer-share: 16.332823077837627 minutes
alex_4_no-infer-share: 15.913610076904297 minutes
alex_-1_no-infer-share: 15.108673127492269 minutes
