alex_no-infer-share_1_1_1: 16.814367500940957 minutes
alex_no-infer-share_8_8_8: 16.21028594573339 minutes
alex_no-infer-share_-1_-1_-1: 17.189166827996573 minutes
alex_default_1_1_1: 16.991070659955344 minutes
alex_default_8_8_8: 15.997545138994854 minutes
alex_default_-1_-1_-1: 17.148585303624472 minutes
alex_fully-inline_1_1_1: 23.087199894587197 minutes
alex_fully-inline_8_8_8: 17.86878453095754 minutes
alex_fully-inline_-1_-1_-1: 13.978958229223887 minutes
