alex_1_fully-inline: 26.364878110090892 minutes
alex_4_fully-inline: 17.682132999102276 minutes
alex_-1_fully-inline: 19.561985675493876 minutes
alex_1_default: 18.53692151705424 minutes
alex_4_default: 18.501768604914346 minutes
alex_-1_default: 18.390443940957386 minutes
alex_1_no-infer-share: 18.078205700715383 minutes
alex_4_no-infer-share: 18.76034418344498 minutes
alex_-1_no-infer-share: 17.122533285617827 minutes
