alex_no-infer-share_1_1_1: 16.29789170821508 minutes
alex_no-infer-share_-1_-1_1: 16.87270141839981 minutes
alex_no-infer-share_-1_-1_-1: 16.291528729597726 minutes
alex_default_-1_-1_-1: 15.39710827668508 minutes
alex_fully-inline_-1_-1_-1: 14.62461170355479 minutes
