alex_1_fully-inline: 23.04966604312261 minutes
alex_4_fully-inline: 15.568956478436787 minutes
alex_-1_fully-inline: 14.510469357172648 minutes
alex_1_default: 17.652468180656435 minutes
alex_4_default: 17.11608919699987 minutes
alex_-1_default: 17.89313083489736 minutes
alex_1_no-infer-share: 17.136466205120087 minutes
alex_4_no-infer-share: 16.544061716397604 minutes
alex_-1_no-infer-share: 17.05381211837133 minutes
