synthetic_no-cheating_futil_default_1_1_1: 23.669360717137653 minutes
synthetic_no-cheating_futil_default_1_8_1: 26.701907634735107 minutes
synthetic_no-cheating_futil_default_1_32_1: 20.873250369230906 minutes
synthetic_no-cheating_futil_default_1_128_1: 19.165704731146494 minutes
synthetic_no-cheating_futil_default_1_-1_1: 20.268889864285786 minutes
synthetic_no-cheating_futil_default_8_1_1: 26.487764386336007 minutes
synthetic_no-cheating_futil_default_8_8_1: 23.15553915898005 minutes
synthetic_no-cheating_futil_default_8_32_1: 19.92926459312439 minutes
synthetic_no-cheating_futil_default_8_128_1: 18.66038239399592 minutes
synthetic_no-cheating_futil_default_8_-1_1: 19.73192295630773 minutes
synthetic_no-cheating_futil_default_32_1_1: 25.806175728638966 minutes
synthetic_no-cheating_futil_default_32_8_1: 29.2243948896726 minutes
synthetic_no-cheating_futil_default_32_32_1: 17.44406737089157 minutes
synthetic_no-cheating_futil_default_32_128_1: 18.47518262465795 minutes
synthetic_no-cheating_futil_default_32_-1_1: 18.959247477849324 minutes
synthetic_no-cheating_futil_default_128_1_1: 22.24819220304489 minutes
synthetic_no-cheating_futil_default_128_8_1: 19.044589384396872 minutes
synthetic_no-cheating_futil_default_128_32_1: 21.6549853126208 minutes
synthetic_no-cheating_futil_default_128_128_1: 20.932232479254406 minutes
synthetic_no-cheating_futil_default_128_-1_1: 25.0747491757075 minutes
synthetic_no-cheating_futil_default_-1_1_1: 43.635338906447096 minutes
synthetic_no-cheating_futil_default_-1_8_1: 23.86899712483088 minutes
synthetic_no-cheating_futil_default_-1_32_1: 18.333376451333365 minutes
synthetic_no-cheating_futil_default_-1_128_1: 21.11272437572479 minutes
synthetic_no-cheating_futil_default_-1_-1_1: 19.723249197006226 minutes
