google_no-infer-share_1_1_1: 54.583290394147234 minutes
google_no-infer-share_32_32_32: 58.83851286967595 minutes
google_no-infer-share_-1_-1_-1: 56.10202373663584 minutes
google_default_1_1_1: 50.44064946571986 minutes
google_default_32_32_32: 51.66214884916941 minutes
google_default_-1_-1_-1: 49.76478862762451 minutes
google_fully-inline_1_1_1: 63.07151673634847 minutes
google_fully-inline_32_32_32: 38.792577707767485 minutes
google_fully-inline_-1_-1_-1: 31.063037109375 minutes
