google_no-infer-share_1_1_1: 55.47031596104304 minutes
google_no-infer-share_8_8_8: 56.71361920436223 minutes
google_no-infer-share_-1_-1_-1: 53.36753179629644 minutes
google_default_1_1_1: 48.41515630880992 minutes
google_default_8_8_8: 48.914079213142394 minutes
google_default_-1_-1_-1: 50.904650863011675 minutes
google_fully-inline_1_1_1: 63.278266886870064 minutes
google_fully-inline_8_8_8: 38.14552133878072 minutes
google_fully-inline_-1_-1_-1: 31.90349886417389 minutes
