google_1_fully-inline: 73.64056247870127 minutes
google_4_fully-inline: 42.679846906661986 minutes
google_-1_fully-inline: 45.51096182266871 minutes
google_1_default: 65.51126186847686 minutes
google_4_default: 60.303105060259504 minutes
google_-1_default: 60.28515745798747 minutes
google_1_no-infer-share: 63.17843293746312 minutes
google_4_no-infer-share: 59.84675098260244 minutes
google_-1_no-infer-share: 61.408325898647306 minutes
