google_no-infer-share_1_1_1: 61.243853040536244 minutes
google_no-infer-share_-1_-1_1: 53.196653250853224 minutes
google_no-infer-share_-1_-1_-1: 50.228911813100176 minutes
google_default_-1_-1_-1: 42.5249907374382 minutes
google_fully-inline_-1_-1_-1: 28.00068506002426 minutes
