google_calyx_2020: 57.61489762067795 minutes
google_1_fully-inline: 74.368110704422 minutes
google_4_fully-inline: 42.101849897702536 minutes
google_-1_fully-inline: 43.58888246218363 minutes
google_1_default: 54.33188140789668 minutes
google_4_default: 48.329774765173596 minutes
google_-1_default: 49.17869580189387 minutes
google_1_no-infer-share: 50.802257589499156 minutes
google_4_no-infer-share: 51.23017824490865 minutes
google_-1_no-infer-share: 50.003161362806956 minutes
