google_1_fully-inline: 74.79224580128988 minutes
google_4_fully-inline: 46.9949872136116 minutes
google_-1_fully-inline: 56.83562081654866 minutes
google_1_default: 70.04604716300965 minutes
google_4_default: 63.31659713983536 minutes
google_-1_default: 64.04997493426005 minutes
google_1_no-infer-share: 70.55281282265982 minutes
google_4_no-infer-share: 72.42825972636541 minutes
google_-1_no-infer-share: 69.7331464489301 minutes
