google_1_fully-inline: 74.12486997445424 minutes
google_4_fully-inline: 40.30708716313044 minutes
google_-1_fully-inline: 57.68110549449921 minutes
google_1_default: 65.85040911038716 minutes
google_4_default: 64.7309798081716 minutes
google_-1_default: 58.991620576381685 minutes
google_1_no-infer-share: 59.2168624997139 minutes
google_4_no-infer-share: 59.98702677090963 minutes
google_-1_no-infer-share: 61.33913312355677 minutes
