squeeze_no-infer-share_1_1_1: 19.22731166680654 minutes
squeeze_no-infer-share_32_32_32: 22.188227824370067 minutes
squeeze_no-infer-share_-1_-1_-1: 22.6173753062884 minutes
squeeze_default_1_1_1: 19.130527238051098 minutes
squeeze_default_32_32_32: 22.315389239788054 minutes
squeeze_default_-1_-1_-1: 22.034921276569367 minutes
squeeze_fully-inline_1_1_1: 22.615413546562195 minutes
squeeze_fully-inline_32_32_32: 16.418233434359234 minutes
squeeze_fully-inline_-1_-1_-1: 12.68313997189204 minutes
