squeeze_1_fully-inline: 24.375804340839387 minutes
squeeze_4_fully-inline: 17.467431143919626 minutes
squeeze_-1_fully-inline: 16.80297584136327 minutes
squeeze_1_default: 24.581378412246703 minutes
squeeze_4_default: 22.01211990515391 minutes
squeeze_-1_default: 21.12280643383662 minutes
squeeze_1_no-infer-share: 23.531436435381572 minutes
squeeze_4_no-infer-share: 23.436046548684438 minutes
squeeze_-1_no-infer-share: 23.47553374369939 minutes
