squeeze_1_fully-inline: 24.08704932530721 minutes
squeeze_4_fully-inline: 21.689926791191102 minutes
squeeze_-1_fully-inline: 18.251917823155722 minutes
squeeze_1_default: 26.81611434221268 minutes
squeeze_4_default: 24.28350512981415 minutes
squeeze_-1_default: 23.619744312763213 minutes
squeeze_1_no-infer-share: 25.323488533496857 minutes
squeeze_4_no-infer-share: 22.956882258256275 minutes
squeeze_-1_no-infer-share: 25.81973759730657 minutes
