squeeze_no-infer-share_1_1_1: 19.336113226413726 minutes
squeeze_no-infer-share_8_8_8: 23.695702254772186 minutes
squeeze_no-infer-share_-1_-1_-1: 20.621717139085135 minutes
squeeze_default_1_1_1: 18.650128682454426 minutes
squeeze_default_8_8_8: 20.72550803422928 minutes
squeeze_default_-1_-1_-1: 22.37578728993734 minutes
squeeze_fully-inline_1_1_1: 22.49992863337199 minutes
squeeze_fully-inline_8_8_8: 22.40625665187836 minutes
squeeze_fully-inline_-1_-1_-1: 12.767753497759502 minutes
