squeeze_no-infer-share_1_1_1: 20.944779217243195 minutes
squeeze_no-infer-share_-1_-1_1: 25.78488053480784 minutes
squeeze_no-infer-share_-1_-1_-1: 25.80449389219284 minutes
squeeze_default_-1_-1_-1: 15.89590553442637 minutes
squeeze_fully-inline_-1_-1_-1: 9.693140745162964 minutes
