vgg_no-infer-share_1_1_1: 15.174239293734233 minutes
vgg_no-infer-share_-1_-1_1: 15.196083362897237 minutes
vgg_no-infer-share_-1_-1_-1: 15.463944705327352 minutes
vgg_default_-1_-1_-1: 14.61724191904068 minutes
vgg_fully-inline_-1_-1_-1: 9.424047780036926 minutes
