vgg_no-infer-share_1_1_1: 14.486293562253316 minutes
vgg_no-infer-share_8_8_8: 16.833302116394044 minutes
vgg_no-infer-share_-1_-1_-1: 16.386212237675984 minutes
vgg_default_1_1_1: 14.56908100048701 minutes
vgg_default_8_8_8: 17.94247737725576 minutes
vgg_default_-1_-1_-1: 17.88700105746587 minutes
vgg_fully-inline_1_1_1: 16.391009815533955 minutes
vgg_fully-inline_8_8_8: 13.70140153169632 minutes
vgg_fully-inline_-1_-1_-1: 9.664189271132152 minutes
