vgg_1_fully-inline: 19.606077734629313 minutes
vgg_4_fully-inline: 21.865799792607625 minutes
vgg_-1_fully-inline: 17.715574463208515 minutes
vgg_1_default: 17.212609096368155 minutes
vgg_4_default: 16.725072622299194 minutes
vgg_-1_default: 16.602906688054404 minutes
vgg_1_no-infer-share: 17.166413263479868 minutes
vgg_4_no-infer-share: 18.27687199115753 minutes
vgg_-1_no-infer-share: 17.555005951722464 minutes
