vgg_1_fully-inline: 18.056591836611428 minutes
vgg_4_fully-inline: 13.19577397108078 minutes
vgg_-1_fully-inline: 13.867279585202535 minutes
vgg_1_default: 15.915996940930684 minutes
vgg_4_default: 15.406479644775391 minutes
vgg_-1_default: 15.514333442846935 minutes
vgg_1_no-infer-share: 15.77575401465098 minutes
vgg_4_no-infer-share: 16.51406415303548 minutes
vgg_-1_no-infer-share: 16.409528716405234 minutes
