alex_1_fully-inline: 39.78211875359217 minutes
alex_4_fully-inline: 47.616561539967854 minutes
alex_-1_fully-inline: 24.831929278373718 minutes
alex_1_no-infer-share: 36.26286075512568 minutes
alex_4_no-infer-share: 39.15333313147227 minutes
alex_-1_no-infer-share: 36.210261567433676 minutes
alex_1_default: 36.406258587042494 minutes
alex_4_default: 30.28975904782613 minutes
alex_-1_default: 17.514139755566916 minutes
