synthetic_no-cheating_futil_default_1_1_1: 0.024720994631449382 minutes
synthetic_no-cheating_futil_default_8_32_1: 0.022988033294677735 minutes
