synthetic_synthetic-no-const_futil_default_1_1_1: 19.337820239861806 minutes
synthetic_synthetic-no-const_futil_default_1_8_1: 20.37199555238088 minutes
synthetic_synthetic-no-const_futil_default_1_32_1: 17.85053937037786 minutes
synthetic_synthetic-no-const_futil_default_1_128_1: 19.374516506989796 minutes
synthetic_synthetic-no-const_futil_default_1_-1_1: 19.341750860214233 minutes
synthetic_synthetic-no-const_futil_default_8_1_1: 22.763487593332925 minutes
synthetic_synthetic-no-const_futil_default_8_8_1: 15.61420282125473 minutes
synthetic_synthetic-no-const_futil_default_8_32_1: 14.292477754751841 minutes
synthetic_synthetic-no-const_futil_default_8_128_1: 14.276746996243794 minutes
synthetic_synthetic-no-const_futil_default_8_-1_1: 14.467888613541922 minutes
synthetic_synthetic-no-const_futil_default_32_1_1: 20.309385526180268 minutes
synthetic_synthetic-no-const_futil_default_32_8_1: 14.43292575677236 minutes
synthetic_synthetic-no-const_futil_default_32_32_1: 14.684105384349824 minutes
synthetic_synthetic-no-const_futil_default_32_128_1: 14.34652990102768 minutes
synthetic_synthetic-no-const_futil_default_32_-1_1: 14.295849255720775 minutes
synthetic_synthetic-no-const_futil_default_128_1_1: 19.864947990576425 minutes
synthetic_synthetic-no-const_futil_default_128_8_1: 14.611782467365265 minutes
synthetic_synthetic-no-const_futil_default_128_32_1: 14.727174846331279 minutes
synthetic_synthetic-no-const_futil_default_128_128_1: 13.836719636122385 minutes
synthetic_synthetic-no-const_futil_default_128_-1_1: 13.417312335968017 minutes
synthetic_synthetic-no-const_futil_default_-1_1_1: 19.8919278383255 minutes
synthetic_synthetic-no-const_futil_default_-1_8_1: 14.326241978009541 minutes
synthetic_synthetic-no-const_futil_default_-1_32_1: 14.8008203069369 minutes
synthetic_synthetic-no-const_futil_default_-1_128_1: 13.64981381893158 minutes
synthetic_synthetic-no-const_futil_default_-1_-1_1: 13.650692709287007 minutes
