synthetic_synthetic-no-const_futil_default_1_1_1: 16.10331205526988 minutes
synthetic_synthetic-no-const_futil_default_1_8_1: 14.646740778287251 minutes
synthetic_synthetic-no-const_futil_default_1_32_1: 14.272756322224934 minutes
synthetic_synthetic-no-const_futil_default_1_128_1: 19.756535669167835 minutes
synthetic_synthetic-no-const_futil_default_1_-1_1: 14.332247471809387 minutes
synthetic_synthetic-no-const_futil_default_8_1_1: 14.926074020067851 minutes
synthetic_synthetic-no-const_futil_default_8_8_1: 11.654457596937815 minutes
synthetic_synthetic-no-const_futil_default_8_32_1: 11.247237916787466 minutes
synthetic_synthetic-no-const_futil_default_8_128_1: 11.507223602135976 minutes
synthetic_synthetic-no-const_futil_default_8_-1_1: 12.721926685174306 minutes
synthetic_synthetic-no-const_futil_default_32_1_1: 14.660544661680857 minutes
synthetic_synthetic-no-const_futil_default_32_8_1: 12.511769719918568 minutes
synthetic_synthetic-no-const_futil_default_32_32_1: 11.459562663237254 minutes
synthetic_synthetic-no-const_futil_default_32_128_1: 11.2497433980306 minutes
synthetic_synthetic-no-const_futil_default_32_-1_1: 11.044575635592143 minutes
synthetic_synthetic-no-const_futil_default_128_1_1: 15.114009761810303 minutes
synthetic_synthetic-no-const_futil_default_128_8_1: 12.44045167764028 minutes
synthetic_synthetic-no-const_futil_default_128_32_1: 11.404741565386454 minutes
synthetic_synthetic-no-const_futil_default_128_128_1: 10.801224748293558 minutes
synthetic_synthetic-no-const_futil_default_128_-1_1: 10.531482990582784 minutes
synthetic_synthetic-no-const_futil_default_-1_1_1: 17.219657309850056 minutes
synthetic_synthetic-no-const_futil_default_-1_8_1: 12.40762944618861 minutes
synthetic_synthetic-no-const_futil_default_-1_32_1: 11.804869894186655 minutes
synthetic_synthetic-no-const_futil_default_-1_128_1: 11.129049551486968 minutes
synthetic_synthetic-no-const_futil_default_-1_-1_1: 10.299659172693888 minutes
