synthetic_synthetic-no-const_futil_default_1_1_1: 2.32228106657664 minutes
synthetic_synthetic-no-const_futil_default_8_32_1: 2.245697093009949 minutes
synthetic_synthetic-no-const_futil_default_-1_128_1: 2.3754726529121397 minutes
