synthetic_no-cheating-4_futil_default_1_1_1: 17.995958415667214 minutes
synthetic_no-cheating-4_futil_default_1_8_1: 16.95532069206238 minutes
synthetic_no-cheating-4_futil_default_1_32_1: 16.12397592465083 minutes
synthetic_no-cheating-4_futil_default_1_128_1: 17.225277010599772 minutes
synthetic_no-cheating-4_futil_default_1_-1_1: 17.65577660004298 minutes
synthetic_no-cheating-4_futil_default_8_1_1: 15.113190082708995 minutes
synthetic_no-cheating-4_futil_default_8_8_1: 15.742661933104197 minutes
synthetic_no-cheating-4_futil_default_8_32_1: 16.02386622428894 minutes
synthetic_no-cheating-4_futil_default_8_128_1: 15.402294588088989 minutes
synthetic_no-cheating-4_futil_default_8_-1_1: 16.200859038035073 minutes
synthetic_no-cheating-4_futil_default_32_1_1: 16.88527942498525 minutes
synthetic_no-cheating-4_futil_default_32_8_1: 14.183827034632365 minutes
synthetic_no-cheating-4_futil_default_32_32_1: 15.178337860107423 minutes
synthetic_no-cheating-4_futil_default_32_128_1: 16.021376919746398 minutes
synthetic_no-cheating-4_futil_default_32_-1_1: 15.029230026404063 minutes
synthetic_no-cheating-4_futil_default_128_1_1: 17.047026399771372 minutes
synthetic_no-cheating-4_futil_default_128_8_1: 14.236093044281006 minutes
synthetic_no-cheating-4_futil_default_128_32_1: 15.061781466007233 minutes
synthetic_no-cheating-4_futil_default_128_128_1: 15.259757590293884 minutes
synthetic_no-cheating-4_futil_default_128_-1_1: 15.830161070823669 minutes
synthetic_no-cheating-4_futil_default_-1_1_1: 18.225045669078828 minutes
synthetic_no-cheating-4_futil_default_-1_8_1: 16.125825949509938 minutes
synthetic_no-cheating-4_futil_default_-1_32_1: 16.065526878833772 minutes
synthetic_no-cheating-4_futil_default_-1_128_1: 16.551414306958517 minutes
synthetic_no-cheating-4_futil_default_-1_-1_1: 15.979887243111929 minutes
