synthetic_one-fsm_futil_default_1_1_1: 24.25210910240809 minutes
synthetic_one-fsm_futil_default_1_8_1: 25.285253739356996 minutes
synthetic_one-fsm_futil_default_1_32_1: 23.19832688967387 minutes
synthetic_one-fsm_futil_default_1_128_1: 20.90901704629262 minutes
synthetic_one-fsm_futil_default_1_-1_1: 26.103384792804718 minutes
synthetic_one-fsm_futil_default_8_1_1: 30.34233938852946 minutes
synthetic_one-fsm_futil_default_8_8_1: 21.116802529493967 minutes
synthetic_one-fsm_futil_default_8_32_1: 20.59316994746526 minutes
synthetic_one-fsm_futil_default_8_128_1: 24.209043435255687 minutes
synthetic_one-fsm_futil_default_8_-1_1: 21.815937785307565 minutes
synthetic_one-fsm_futil_default_32_1_1: 19.802591145038605 minutes
synthetic_one-fsm_futil_default_32_8_1: 20.10576548973719 minutes
synthetic_one-fsm_futil_default_32_32_1: 20.10195964972178 minutes
synthetic_one-fsm_futil_default_32_128_1: 20.030529153347015 minutes
synthetic_one-fsm_futil_default_32_-1_1: 21.226995376745858 minutes
synthetic_one-fsm_futil_default_128_1_1: 21.24667537609736 minutes
synthetic_one-fsm_futil_default_128_8_1: 27.83621586561203 minutes
synthetic_one-fsm_futil_default_128_32_1: 20.207754600048066 minutes
synthetic_one-fsm_futil_default_128_128_1: 20.14622134367625 minutes
synthetic_one-fsm_futil_default_128_-1_1: 19.926753163337708 minutes
synthetic_one-fsm_futil_default_-1_1_1: 19.469762484232586 minutes
synthetic_one-fsm_futil_default_-1_8_1: 19.6497558315595 minutes
synthetic_one-fsm_futil_default_-1_32_1: 19.358264076709748 minutes
synthetic_one-fsm_futil_default_-1_128_1: 19.025545990467073 minutes
synthetic_one-fsm_futil_default_-1_-1_1: 19.207181497414908 minutes
