mobile_1_fully-inline: 44.4282018105189 minutes
mobile_4_fully-inline: 25.012781751155853 minutes
mobile_-1_fully-inline: 24.20356151262919 minutes
mobile_1_default: 40.079645152886705 minutes
mobile_4_default: 39.68856419722239 minutes
mobile_-1_default: 35.318542488416035 minutes
mobile_1_no-infer-share: 35.908007049560545 minutes
mobile_4_no-infer-share: 35.74215783278147 minutes
mobile_-1_no-infer-share: 35.38377581834793 minutes
