mobile_-1_no-infer-share: 43.22676355838776 minutes
mobile_1_no-infer-share: 42.89958403905233 minutes
mobile_4_no-infer-share: 42.775141429901126 minutes
mobile_-1_default: 41.44026699066162 minutes
mobile_1_default: 43.283846092224124 minutes
mobile_4_default: 42.21964749097824 minutes
mobile_-1_fully-inline: 29.65783687432607 minutes
mobile_1_fully-inline: 44.95345538854599 minutes
mobile_4_fully-inline: 27.7126167456309 minutes
