mobile_no-infer-share_1_1_1: 32.615518120924634 minutes
mobile_no-infer-share_8_8_8: 40.58394776185354 minutes
mobile_no-infer-share_-1_-1_-1: 39.08725066582362 minutes
mobile_default_1_1_1: 31.90155278046926 minutes
mobile_default_8_8_8: 35.963361231486004 minutes
mobile_default_-1_-1_-1: 29.964549577236177 minutes
mobile_fully-inline_1_1_1: 34.2919876853625 minutes
mobile_fully-inline_8_8_8: 25.9918278892835 minutes
mobile_fully-inline_-1_-1_-1: 16.64721063375473 minutes
