mobile_no-infer-share_1_1_1: 32.544739337762195 minutes
mobile_no-infer-share_-1_-1_1: 35.08891708056132 minutes
mobile_no-infer-share_-1_-1_-1: 35.18060688177744 minutes
mobile_default_-1_-1_-1: 20.381580046812694 minutes
mobile_fully-inline_-1_-1_-1: 15.941090444723764 minutes
