small-ex_small-ex2_futil_no-infer-share_1_1_1: 5.348901136716207 minutes
small-ex_small-ex2_futil_default_-1_-1_-1: 5.405848034222921 minutes
small-ex_small-ex2_futil_fully-inline_4_4_4: 5.351362109184265 minutes
